464c457f
00010101
00000000
00000000
00f30002
00000001
00000200
00000034
000046c0
00000000
00200034
00280001
000e000f
00000001
00000000
00000000
00000000
000007ec
000007ec
00000005
00001000
00000000
00000000
00000000
00000000
00000000
00000000
00000000
00000000
00000000
00000000
00000000
00000000
00000000
00000000
00000000
00000000
00000000
00000000
00000000
00000000
00000000
00000000
00000000
00000000
00000000
00000000
00000000
00000000
00000000
00000000
00000000
00000000
00000000
00000000
00000000
00000000
00000000
00000000
00000000
00000000
00000000
00000000
00000000
00000000
00000000
00000000
00000000
00000000
00000000
00000000
00000000
00000000
00000000
00000000
00000000
00000000
00000000
00000000
00000000
00000000
00000000
00000000
00000000
00000000
00000000
00000000
00000000
00000000
00000000
00000000
00000000
00000000
00000000
00000000
00000000
00000000
00000000
00000000
00000000
00000000
00000000
00000000
00000000
00000000
00000000
00000000
00000000
00000000
00000000
00000000
00000000
00000000
00000000
00000000
00000000
00000000
00000000
00000000
00000000
00000000
00000000
00000000
00000000
00000000
00000000
00000000
00000000
fe010113
00112e23
00812c23
02010413
6e402783
fef42623
6e802783
fef42423
fe842583
fec42503
020000ef
00050793
fef42223
00000013
01c12083
01812403
02010113
00008067
008007b7
ff010113
fff78793
00a7f733
00812423
01212023
01755413
01f55913
0175d513
00b7f7b3
0ff47413
0ff57513
00112623
00912223
01f5d593
00371613
00379793
40a40733
18b91e63
0ae05863
06051863
00079c63
0ff00793
04f40c63
00060793
00040513
0bc0006f
fff70713
02071e63
00c787b3
00040513
00579713
0a075263
00150513
0ff00713
32e50463
7e000737
0017f693
fff70713
0017d793
00e7f7b3
00d7e7b3
07c0006f
0ff00693
02d41063
00060793
0ff00513
0680006f
0ff00693
fed408e3
040006b7
00d7e7b3
01b00693
00e6d663
00100793
f99ff06f
02000693
40e686b3
00e7d5b3
00d797b3
00f037b3
00f5e7b3
f7dff06f
08070463
04041063
02060063
fff00693
00d71663
00c787b3
f69ff06f
0ff00693
fff74713
02d51a63
0077f713
28070863
00f7f713
00400693
28d70263
00478793
27c0006f
0ff00693
fed500e3
040006b7
40e00733
00d66633
01b00693
00e6d663
00100713
01c0006f
02000693
00e655b3
40e68733
00e61733
00e03733
00e5e733
00e787b3
efdff06f
00140513
0ff57693
00100713
04d74063
02041863
00000513
f80604e3
20078663
00c787b3
00579713
f6075ce3
fc000737
fff70713
00e7f7b3
00100513
f65ff06f
ee060ae3
16079463
ee9ff06f
0ff00713
1ee50063
00f60733
00175793
f45ff06f
08e05063
04051663
e60786e3
fff70713
02071463
40f607b3
00040513
00579713
f20750e3
040004b7
fff48493
0097f4b3
00050413
13c0006f
0ff00693
e8d40ae3
01b00693
02e6d063
00100793
fc9ff06f
0ff00693
e6d40ee3
040006b7
00d7e7b3
fe1ff06f
02000693
00e7d5b3
40e68733
00e797b3
00f037b3
00f5e7b3
f99ff06f
06070e63
02041e63
00058913
ea060ae3
fff00693
00d71863
40c787b3
00058913
f7dff06f
0ff00693
fff74713
e8d50ae3
01b00693
02e6d463
00100713
0380006f
0ff00693
00058913
e6d50ce3
040006b7
40e00733
00d66633
fd9ff06f
02000693
00e65833
40e68733
00e61733
00e03733
00e86733
40e787b3
fa5ff06f
00140713
0ff77713
00100693
04e6ca63
02041c63
00061863
12079e63
00000513
0380006f
12078c63
40f60733
00571693
40c787b3
1206c063
00070793
06071663
00000793
fd9ff06f
ea0610e3
10079c63
020007b7
0ff00513
00000913
07c0006f
40f604b3
00549713
04075463
40c784b3
00058913
00048513
0fc000ef
ffb50513
00a494b3
02854a63
40850533
00150513
02000413
00a4d7b3
40a40533
00a494b3
009034b3
0097e7b3
00000513
d99ff06f
f80488e3
fc1ff06f
fc0007b7
fff78793
40a40533
00f4f7b3
d7dff06f
00060793
d75ff06f
00000793
00579713
00075e63
00150513
0ff00713
08e50263
fc000737
fff70713
00e7f7b3
0ff00713
0037d793
00e51863
00078663
004007b7
00000913
00800737
fff70713
0ff57513
00e7f7b3
01751713
80800537
00c12083
00812403
fff50513
00a7f533
01f91913
00e56533
01256533
00412483
00012903
01010113
00008067
00058913
f51ff06f
00060793
f49ff06f
00058913
c71ff06f
00000793
f89ff06f
000107b7
02f57863
0ff00793
00a7b7b3
00379793
02000713
40f70733
00f557b3
6ec00513
00a787b3
0007c503
40a70533
00008067
01000737
01000793
fce56ce3
01800793
fd1ff06f
4019999a
404ccccd
02020100
03030303
04040404
04040404
05050505
05050505
05050505
05050505
06060606
06060606
06060606
06060606
06060606
06060606
06060606
06060606
07070707
07070707
07070707
07070707
07070707
07070707
07070707
07070707
07070707
07070707
07070707
07070707
07070707
07070707
07070707
07070707
08080808
08080808
08080808
08080808
08080808
08080808
08080808
08080808
08080808
08080808
08080808
08080808
08080808
08080808
08080808
08080808
08080808
08080808
08080808
08080808
08080808
08080808
08080808
08080808
08080808
08080808
08080808
08080808
08080808
08080808
08080808
08080808
00000000
00000000
00000000
00000000
00000000
00000000
00000000
00000000
00000000
00000000
00000000
00000000
00000000
00000000
00000000
00000000
00000000
00000000
00000000
00000000
00000000
00000000
00000000
00000000
00000000
00000000
00000000
00000000
00000000
00000000
00000000
00000000
00000000
00000000
00000000
00000000
00000000
00000000
00000000
00000000
00000000
00000000
00000000
00000000
00000000
00000000
00000000
00000000
00000000
00000000
00000000
00000000
00000000
00000000
00000000
00000000
00000000
00000000
00000000
00000000
00000000
00000000
00000000
00000000
00000000
00000000
00000000
00000000
00000000
00000000
00000000
00000000
00000000
00000000
00000000
00000000
00000000
00000000
00000000
00000000
00000000
00000000
00000000
00000000
00000000
00000000
00000000
00000000
00000000
00000000
00000000
00000000
00000000
00000000
00000000
00000000
00000000
00000000
00000000
00000000
00000000
00000000
00000000
00000000
00000000
00000000
00000000
00000000
00000000
00000000
00000000
00000000
00000000
00000000
00000000
00000000
00000000
00000000
00000000
00000000
00000000
00000000
00000000
00000000
00000000
00000000
00000000
00000000
00000000
00000000
00000000
00000000
00000000
00000000
00000000
00000000
00000000
00000000
00000000
00000000
00000000
00000000
00000000
00000000
00000000
00000000
00000000
00000000
00000000
00000000
00000000
00000000
00000000
00000000
00000000
00000000
00000000
00000000
00000000
00000000
00000000
00000000
00000000
00000000
00000000
00000000
00000000
00000000
00000000
00000000
00000000
00000000
00000000
00000000
00000000
00000000
00000000
00000000
00000000
00000000
00000000
00000000
00000000
00000000
00000000
00000000
00000000
00000000
00000000
00000000
00000000
00000000
00000000
00000000
00000000
00000000
00000000
00000000
00000000
00000000
00000000
00000000
00000000
00000000
00000000
00000000
00000000
00000000
00000000
00000000
00000000
00000000
00000000
00000000
00000000
00000000
00000000
00000000
00000000
00000000
00000000
00000000
00000000
00000000
00000000
00000000
00000000
00000000
00000000
00000000
00000000
00000000
00000000
00000000
00000000
00000000
00000000
00000000
00000000
00000000
00000000
00000000
00000000
00000000
00000000
00000000
00000000
00000000
00000000
00000000
00000000
00000000
00000000
00000000
00000000
00000000
00000000
00000000
00000000
00000000
00000000
00000000
00000000
00000000
00000000
00000000
00000000
00000000
00000000
00000000
00000000
00000000
00000000
00000000
00000000
00000000
00000000
00000000
00000000
00000000
00000000
00000000
00000000
00000000
00000000
00000000
00000000
00000000
00000000
00000000
00000000
00000000
00000000
00000000
00000000
00000000
00000000
00000000
00000000
00000000
00000000
00000000
00000000
00000000
00000000
00000000
00000000
00000000
00000000
00000000
00000000
00000000
00000000
00000000
00000000
00000000
00000000
00000000
00000000
00000000
00000000
00000000
00000000
00000000
00000000
00000000
00000000
00000000
00000000
00000000
00000000
00000000
00000000
00000000
00000000
00000000
00000000
00000000
00000000
00000000
00000000
00000000
00000000
00000000
00000000
00000000
00000000
00000000
00000000
00000000
00000000
00000000
00000000
00000000
00000000
00000000
00000000
00000000
00000000
00000000
00000000
00000000
00000000
00000000
00000000
00000000
00000000
00000000
00000000
00000000
00000000
00000000
00000000
00000000
00000000
00000000
00000000
00000000
00000000
00000000
00000000
00000000
00000000
00000000
00000000
00000000
00000000
00000000
00000000
00000000
00000000
00000000
00000000
00000000
00000000
00000000
00000000
00000000
00000000
00000000
00000000
00000000
00000000
00000000
00000000
00000000
00000000
00000000
00000000
00000000
00000000
00000000
00000000
00000000
00000000
00000000
00000000
00000000
00000000
00000000
00000000
00000000
00000000
00000000
00000000
00000000
00000000
00000000
00000000
00000000
00000000
00000000
00000000
00000000
00000000
00000000
00000000
00000000
00000000
00000000
00000000
00000000
00000000
00000000
00000000
00000000
00000000
00000000
00000000
00000000
00000000
00000000
00000000
00000000
00000000
00000000
00000000
00000000
00000000
00000000
00000000
00000000
00000000
00000000
00000000
00000000
00000000
00000000
00000000
00000000
00000000
00000000
00000000
00000000
00000000
00000000
00000000
00000000
00000000
00000000
00000000
00000000
00000000
00000000
00000000
00000000
00000000
00000000
00000000
00000000
00000000
00000000
00000000
00000000
00000000
00000000
00000000
00000000
00000000
00000000
00000000
00000000
00000000
00000000
00000000
00000000
00000000
00000000
00000000
00000000
00000000
00000000
00000000
00000000
00000000
00000000
00000000
